cx: 696
cy: 275
fx: 1440
fy: 1440
distortion: [-3.691481e-01, 1.968681e-01, 1.353473e-03, 5.677587e-04,-6.770705e-02]
image_width: 1392
image_height: 512